--------------------------------------------------------------| kmalloc free cycles=1000
size                |allocate took       |free took           |
1                   |3563,21             |3224,90             | <<<< SLOW 1 byte allocation
2                   |682,01              |579,32              |
4                   |743,85              |504,41              |
8                   |627,13              |488,11              |
16                  |782,13              |1248,85             |
32                  |1683,36             |1135,07             | <<<< SLOW 32 byte allocation
64                  |732,05              |1027,39             |
128                 |1406,15             |587,29              |
256                 |1475,93             |950,56              |
512                 |1703,04             |566,63              |
1024                |1366,25             |1033,77             |
2048                |773,89              |590,52              |
4096                |1492,10             |633,02              | <<<< allocation slow down after 2k
8192                |1560,14             |1378,13             | <<<< free slow down after 4k
16384               |12855,47            |10471,02            | <<<< very SLOW 16k allocation and free
32768               |3691,84             |1609,68             |
65536               |2202,48             |1653,72             |
131072              |3250,15             |1693,82             |
262144              |3694,43             |2878,42             |
524288              |5611,03             |3576,80             |
1048576             |8546,05             |5226,02             |
2097152             |14705,21            |8246,02             |
4194304             |27189,73            |13629,37            |
--------------------------------------------------------------| vmalloc free cycles=1000
size                |allocate took       |free took           |
1                   |52926,10            |32783,55            | <<<< SLOW 1 and 2 bytes allocation
2                   |9226,26             |4169,65             |
4                   |5078,36             |3472,52             |
8                   |6617,84             |3533,82             |
16                  |6787,26             |3551,09             |
32                  |10437,19            |3851,03             | <<<< SLOW 32 byte allocation
64                  |4845,99             |3374,71             |
128                 |9335,26             |3314,97             | <<<< SLOW 128 byte allocation
256                 |4768,42             |3428,35             |
512                 |4583,14             |3166,14             |
1024                |4714,85             |3210,56             |
2048                |4581,26             |6174,25             |
4096                |6079,85             |3396,81             | <<<< allocation slow down after 4k
8192                |7800,60             |4788,81             |
16384               |13257,53            |5982,64             |
32768               |13027,75            |7659,19             |
65536               |18765,85            |13601,43            |
131072              |43688,54            |25204,51            |
262144              |58869,70            |47138,13            |
524288              |122215,18           |92830,07            |
1048576             |222424,54           |184095,41           |
2097152             |427668,33           |365550,40           |
4194304             |980425,86           |1100296,42          |
8388608             |1799594,00          |1503487,05          |
16777216            |3406107,64          |3143755,91          |
33554432            |6816719,55          |6137096,48          |
67108864            |13558255,57         |12192360,14         |
--------------------------------------------------------------| kzalloc free cycles=1000
size                |allocate took       |free took           |
1                   |3955,08             |3158,81             | <<<< SLOW 1 byte allocation
2                   |858,48              |548,68              |
4                   |893,59              |597,29              |
8                   |876,23              |538,25              |
16                  |941,25              |1255,68             |
32                  |1777,35             |1178,85             | <<<< SLOW 32 byte allocation
64                  |964,32              |1006,79             |
128                 |1955,82             |578,56              |
256                 |1721,16             |917,54              |
512                 |1768,19             |700,82              |
1024                |1792,06             |1103,13             |
2048                |1615,37             |715,58              |
4096                |2985,95             |638,04              |
8192                |6033,63             |1328,82             | <<<< SLOW after 8k allocation
16384               |23113,40            |10092,84            |
32768               |22897,75            |2123,34             |
65536               |41308,15            |1990,96             |
131072              |79806,15            |3322,16             |
262144              |163718,96           |3851,18             |
524288              |318287,54           |4597,20             |
1048576             |602401,46           |6744,98             |
2097152             |1197304,04          |11838,83            |
4194304             |2455264,20          |15477,40            |
--------------------------------------------------------------| free_page cycles=1000
size                |allocate took       |free took           |
4096                |8675,10             |9252,18             | <<<< 1-2 pages allocation is slow
8192                |6628,37             |5526,84             |
16384               |3044,08             |1403,12             |
32768               |1989,52             |1255,49             |
65536               |2152,59             |1295,24             |
131072              |2807,91             |1505,70             |
262144              |3120,08             |2434,08             |
524288              |4501,50             |2362,91             |
1048576             |6940,58             |3944,57             |
2097152             |12457,31            |6685,80             |
4194304             |22590,32            |11330,46            |

